memory_initialization_radix=2;
memory_initialization_vector=
00101000000000000000000000000001,
00101010100101000000000000000001,
00101010101101010000000000000001,
00000110101000000000001010000000,
00101001000010000000000000000001,
00101001001010010000000000000001,
00101001010010100000000000000001,
00000001010010000000000000000000,
00000001011101010000000000000001,
00000001010010110000000000000000,
00000101010000000000000001000000,
10111001010000000000000000110001,
00101000000000000000000000000001,
00101001001010010000000000000001,
00101001011010110000000000000001,
00000001011010010000000000000000,
00000001011010100000000000000000,
10111001011000000000000000101110,
00101000000000000000000000000001,
00101001100011000000000000000001,
00000001100010010000000000000000,
00000001100101000000000000000000,
01111001100011010000000000000000,
00101000100001000000000000000001,
00000000100011000000000000000000,
00000101100000000000000001000000,
01111001100011100000000000000000,
00101000101001010000000000000001,
00000000101011000000000000000000,
00000001111011100000000000000001,
00000001101011110000000000000000,
10110101101000000000000000100101,
00101000000000000000000000000001,
10111001101000000000000000100101,
00101000000000000000000000000001,
10100100000000000000000000101000,
00101000000000000000000000000001,
00000101001000000000000001000000,
10100000000000000000000000001110,
00101000000000000000000000000001,
01111000100100100000000000000000,
01111000101100110000000000000000,
01111100101100100000000000000000,
01111100100100110000000000000000,
10110011111000000000000000000000,
00101000000000000000000000000001,
00000101000000000000000001000000,
10100000000000000000000000000110,
00101000000000000000000000000001,
00101000000000000000000000000001,
01111000000101000000000000000000,
01111000000101010000000000000001,
01111000000101100000000000000010,
01111000000101110000000000000011,
01111000000110000000000000000100,
01111000000110010000000000000101,
01111000000110100000000000000110,
01111000000110110000000000000111,
01111000000111000000000000001000,
01111000000111010000000000001001,
00101000000000000000000000000001;
